0.43939614104620683
0.4184170149462675
0.4045676216922365
0.3951353002305993
0.3885007379701658
0.38367103857473317
0.3800242197595601
0.37716376438125776
0.3748331431481001
0.3728642665663945
0.37114573407495954
0.3696029329204349
0.36818538145975926
0.3668585801790868
0.36559870929530647
0.364389146493874
0.3632181609116239
0.3620773742661005
0.3609607263745357
0.35986377472176556
0.3587832167542648
0.35771656162886944
0.35666190288062133
0.35561775966926257
0.35458296493402763
0.3535565858561621
0.3525378667372499
0.3515261875529661
0.35052103356136377
0.34952197277712926
0.3485286390960489
0.3475407195181681
0.3465579443742687
0.34558007977550054
0.34460692172531154
0.3436382914865485
0.3426740319052337
0.34171400446995864
0.34075808694154724
0.33980617142810793
0.3388581628102834
0.33791397744350427
0.33697354208051605
0.33603679296988676
0.3351036750956859
0.3341741415308194
0.3332481528821597
0.33232567681002184
0.33140668760800684
0.33049116583197213
0.32957909796906654
0.3286704761395034
0.32776529782513314
0.32686356561999724
0.3259652869989407
0.32507047410108986
0.3241791435255899
0.3232913161374719
0.32240701688191037
0.32152627460544586
0.3206491218830063
0.3197755948497707
0.318905733037094
0.31803957921185094
0.31717717921867655
0.31631858182467565
0.31546383856625626
0.3146130035978051
0.31376613354198307
0.3129232873414626
0.31208452611196896
0.3112499129965219
0.3104195130208013
0.30959339294958627
0.30877162114423623
0.3079542674212034
0.3071414029115802
0.306333099921699
0.30552943179481556
0.3047304727739163
0.3039362978657012
0.3031469827058007
0.30236260342529453
0.3015832365186046
0.3008089587128439
0.30003984683870455
0.29927597770297404
0.2985174279627757
0.297764274001627
0.29701659180741796
0.29627445685241
0.2955379439753594
0.2948071272658705
0.2940820799510844
0.293362874284808
0.29264958143919134
0.29194227139905554
0.2912410128589778
0.2905458731232343
0.28985691800870206
